time,x,y,z,phi,theta,psi,x_velocity,y_velocity,z_velocity,phi_velocity,theta_velocity,psi_velocity,rotor_speed1,rotor_speed2,rotor_speed3,rotor_speed4
0.06,8.41185966007e-08,5.88736148442e-07,10.0016717049,0.000510527135375,6.28299750557,0.0,1.09281818001e-05,4.7711153967e-05,0.0557218592181,0.0216284618926,-0.0102693007332,0.0,422.3920450044745,421.5057211536118,422.3552573920284,424.2161252968635
0.12000000000000001,7.09294493386e-06,1.93781839068e-05,10.0086750987,0.00167280079332,6.28194746677,0.0,0.0003033067063,0.00070853198418,0.177712542385,0.014424687141,-0.0386954782376,0.0,445.1063209956531,442.7742504652543,444.01613049027304,443.4248129993232
0.18,6.36844728898e-05,0.000104717452024,10.0250310473,0.00256402615809,6.28004335586,0.0,0.00182346788726,0.00223732203252,0.367442595724,0.0156983441918,-0.0205582754073,0.0,463.7948453470638,465.21654639580385,464.5491352963461,464.6488635427059
0.23999999999999996,0.000241119969792,0.000294827718928,10.0496120551,0.00399035717319,6.2788462759,0.0,0.00421209241237,0.00422121355665,0.451893358088,0.0363605969823,-0.018764369765,0.0,431.2118923489164,431.36339770229307,432.0367342399914,433.7751562951624
0.3,0.000599412514215,0.000649987876388,10.0822619297,0.00612764873562,6.27743917972,0.0,0.00787310775583,0.00786441687419,0.636348942679,0.0341011779883,-0.0350293390702,0.0,463.79231155443085,462.51320661116466,463.2729821608634,463.09582223653
0.36000000000000004,0.00119258112103,0.00124999052669,10.1224608474,0.00830515470901,6.27502293977,0.0,0.0121156035993,0.0123408834503,0.703572725011,0.0403468970275,-0.0536344612559,0.0,428.27623917712873,426.6900794300035,425.8785296145548,426.41298992828183
0.4200000000000001,0.0021271300243,0.00219833840709,10.1707096384,0.0111111415213,6.27154859286,0.0,0.0194241178565,0.0195778958871,0.904576107213,0.057227414196,-0.0682161694389,0.0,468.7320130255345,467.5953909342833,467.98731535118964,469.3003665961146
0.48000000000000015,0.00358837458626,0.00365343024068,10.2311808807,0.0147205531093,6.26727669828,0.0,0.0297733850851,0.0293382879499,1.11094242448,0.065449932221,-0.0779481411376,0.0,470.78109156752674,470.0239420077122,469.9149573720594,470.5541645455973
0.5400000000000001,0.00569444395064,0.00570802604988,10.2992341084,0.0185234491017,6.26263906565,0.0,0.0408663082323,0.0395113254759,1.15743837342,0.0588882140377,-0.0760171932856,0.0,421.7725825337719,421.9342047787632,420.23099251103844,419.66505266736806
0.6000000000000002,0.00865378976401,0.0085349261397,10.3747426991,0.0228552109248,6.25824117821,0.0,0.0582977484208,0.055184308063,1.35927477726,0.0904823850633,-0.0683524165358,0.0,468.8644656878196,469.45561957733935,468.6817171443115,471.1340415118147
0.6600000000000003,0.0127302941123,0.0123829759228,10.4611413509,0.0283500744447,6.25379804136,0.0,0.0780510411867,0.0736854516584,1.52045084241,0.0936910645173,-0.0889950697346,0.0,459.03303565925546,457.3878549843597,457.38826932245826,457.6504995672482
0.7200000000000003,0.0180229124108,0.0173936218657,10.5547630552,0.0340085971546,6.24811215188,0.0,0.0989083908483,0.0938905194214,1.6001282032,0.0955153602176,-0.109954434219,0.0,434.14865116297256,432.37848067499914,432.48411529308,432.6455399919307
0.7800000000000004,0.0247776034858,0.0238194342499,10.6556887765,0.0400742852227,6.24148288,0.0,0.126976219733,0.120952735354,1.76376939837,0.110399566791,-0.111575666551,0.0,459.2574572086765,459.1184864927119,459.1037509143031,460.2914572918886
0.8400000000000004,0.0334612534609,0.0321001015757,10.7686305135,0.0464877111005,6.23493551322,0.0,0.163271122216,0.155849694608,2.0004961664,0.0987473202796,-0.104623805232,0.0,481.0153495879461,481.5319503377921,482.58603640789545,481.71475298422394
0.9000000000000005,0.0444393127152,0.04258845706,10.8948925723,0.0521553670513,6.22918608524,0.0,0.203349294194,0.194426866439,2.20778506309,0.084109937316,-0.0823642733543,0.0,472.8918238294994,474.5958034468356,474.9513630223724,473.8343539599562
0.9600000000000005,0.0578813155066,0.055452028826,11.0322523443,0.057072620531,6.22421666369,0.0,0.245250443001,0.234893478152,2.37047953721,0.0772540011437,-0.0837581235915,0.0,461.8588265556929,461.74358315600523,461.8671478257525,461.3312976368217
1.0200000000000005,0.0741491655368,0.0710447779038,11.1826813389,0.0613743522673,6.21879957946,0.0,0.297634278916,0.285400410646,2.64314126002,0.0572514580059,-0.108376814085,0.0,494.89970116437524,493.0781569733258,496.04943385673295,494.58173712985644
1.0800000000000005,0.0935624183297,0.0896360135562,11.3472535816,0.0647797813386,6.21224870417,0.0,0.350203064111,0.334671083969,2.8420323615,0.0557501646813,-0.110839226711,0.0,474.7053300998783,474.5066522362573,474.9276764105258,474.81449395695404
1.1400000000000006,0.115861719949,0.110879640329,11.5178965189,0.0677966226137,6.20561489595,0.0,0.393687832968,0.373725329543,2.84597638044,0.0361424641327,-0.110018068178,0.0,414.16550103663053,414.2259262975829,415.7767751460856,414.05705958104977
1.2000000000000006,0.14114249554,0.134735137599,11.6919812651,0.0700679584032,6.19878579457,0.0,0.449674138103,0.421660810009,2.95647351071,0.041078059016,-0.122765132752,0.0,450.79944189064025,449.75675485297154,448.18999343289005,448.5916264007727
1.2600000000000007,0.170154375383,0.161699163903,11.8753003895,0.0725527209783,6.19132962073,0.0,0.518202248354,0.477380250582,3.15351248891,0.0420735719899,-0.127458854884,0.0,477.2066773802229,476.83536885235486,475.67741927078424,475.75443619083825
1.3200000000000007,0.203016301442,0.191721614832,12.0657497461,0.0750361513064,6.18406263767,0.0,0.577873871816,0.523582548918,3.19457073864,0.0399885307986,-0.110764930213,0.0,428.04686826774935,429.4511839858496,430.0777212589619,429.90205315728065
1.3800000000000008,0.239779684845,0.224701477757,12.2605022341,0.0769661218808,6.17754292351,0.0,0.648210000379,0.575941927028,3.29676397421,0.00799534105212,-0.104759863806,0.0,448.5927226778935,449.06980261372814,451.3222539773771,448.732875549784
1.4400000000000008,0.280721821324,0.260728097868,12.4597449614,0.0776869769261,6.17133581242,0.0,0.717093894449,0.624978496191,3.34441459939,0.0190361478788,-0.100958363766,0.0,432.4967155151438,432.8071516956532,432.6976345876336,433.6260402045743
1.5000000000000009,0.326212181744,0.299915322596,12.6644539773,0.0789685442954,6.16536083766,0.0,0.799839442591,0.681345167317,3.47868443564,0.0256420133503,-0.0969668868483,0.0,461.02414303485364,461.3312693677399,460.0747269156007,460.59745577296303
1.560000000000001,0.376737856917,0.342473835938,12.8767296737,0.0805379537086,6.15898787689,0.0,0.884914629792,0.737388215952,3.59666255504,0.0271669255132,-0.140430858267,0.0,458.9170185348582,455.4430026707216,456.50224865764955,456.6240369365391
1.620000000000001,0.432709784819,0.388551538028,13.0976160079,0.0817310752496,6.15057152245,0.0,0.981677902747,0.798633715632,3.76546464011,-0.00154773479263,-0.139958231221,0.0,473.1523411651477,473.1717496838684,474.75442225877237,472.5459486527549
1.680000000000001,0.494211520483,0.438038140955,13.3251618807,0.0816613934662,6.14228635419,0.0,1.06913331155,0.850873262844,3.81904429055,-0.000399543053373,-0.134586496336,0.0,439.40370551297224,439.8309152373777,438.8544553769138,438.94978244187195
1.740000000000001,0.561422709984,0.490827638401,13.558020835,0.081569483225,6.13415771459,0.0,1.17201287169,0.908708720081,3.94229421429,-0.00389864836412,-0.137319189822,0.0,461.4586115321098,461.22660948954154,462.6325805089079,462.3570006311828
1.8000000000000012,0.634123334897,0.546621286536,13.7926257252,0.0819242925843,6.12579907062,0.0,1.25199881256,0.951081486566,3.8779256892,0.0205551816746,-0.143619771884,0.0,402.15939791729056,401.56791391445404,400.39344439807667,402.61225417884566
1.8600000000000012,0.712208003392,0.605195817479,14.0261803671,0.0828954046015,6.11794299207,0.0,1.35152655489,1.00146871925,3.9069115631,0.00557588048145,-0.113265045952,0.0,432.37805885147225,434.91114967251417,433.67587036560684,432.41566287872314
1.9200000000000013,0.796585711542,0.666895196503,14.2625430435,0.083286061292,6.11136526991,0.0,1.46163759805,1.05516355333,3.97141000463,0.00831845749605,-0.103205287855,0.0,445.0829661742536,445.89495560577245,445.4053856435827,445.6295404036318
1.9800000000000013,0.887794579059,0.731869144645,14.5033348236,0.0842472419484,6.10561963207,0.0,1.57915595393,1.11065476052,4.05446873537,0.0281456351902,-0.0839658232384,0.0,450.5287115523882,452.0738830232745,452.534852843841,454.1280956473782
2.0400000000000014,0.986541573283,0.800369389537,14.7511869075,0.0855352440463,6.1007651006,0.0,1.71280102222,1.17277588459,4.20646727332,0.00272512860582,-0.0754086998525,0.0,473.66546052054326,474.31826899406565,476.1763742939021,474.22758145920574
2.1000000000000014,1.0920571297,0.871992033736,15.0008778035,0.0852644390917,6.09630797025,0.0,1.80473150061,1.21464664587,4.11675375254,-0.0257459640394,-0.0721299616069,0.0,397.10828185140815,397.4039373058469,398.3557550515309,395.743374271862
2.1600000000000015,1.20373542616,0.946375971001,15.2482567025,0.0834439310121,6.091953189,0.0,1.91820079551,1.26463164758,4.12900246702,-0.041635486267,-0.0734941420405,0.0,432.8295928702452,432.71052262429606,431.6039243582119,430.26024139427943
2.2200000000000015,1.32274023126,1.0239083521,15.4986499804,0.0810545210156,6.08736423503,0.0,2.048948082,1.31946999179,4.2169221221,-0.0364265416033,-0.0832484762422,0.0,457.44117943550464,456.65919241189465,456.0512910010024,456.46643689333894
2.2800000000000016,1.45023935167,1.1049053496,15.7571194489,0.0789864474978,6.082801476,0.0,2.20134932751,1.38008821661,4.39778404522,-0.0308138882081,-0.0645590912963,0.0,485.15000747198417,486.5472144774073,485.8740236660627,486.29428056320177
2.3400000000000016,1.58613016381,1.18916146262,16.0222960294,0.0769381237985,6.07844641857,0.0,2.3286095925,1.42821547263,4.44107426128,-0.041790986338,-0.0978668327179,0.0,445.9799536103931,443.24612813770915,447.00257948483124,446.1065298391819
2.4000000000000017,1.72986982837,1.27630685962,16.290692425,0.0743820709637,6.07254551243,0.0,2.4631468422,1.47632218082,4.5049664766,-0.0442714710514,-0.0993286879448,0.0,453.22286484819267,453.0972416252682,452.9160837541624,452.71555808579194
2.4600000000000017,1.8814628976,1.36617069947,16.5613966093,0.0724089819045,6.06635399327,0.0,2.59039922695,1.51889129211,4.51820804836,-0.0165291923657,-0.112317234175,0.0,439.05726674615585,437.9686389235039,435.8467485364466,438.15896198886753
2.520000000000002,2.04072636587,1.45852916453,16.8325668574,0.0713439046817,6.05953704266,0.0,2.71888187171,1.55959084734,4.52050771332,-0.0203147274523,-0.116345834208,0.0,435.7267254757857,435.3779567727334,434.3232816783801,434.00568366615175
2.580000000000002,2.2085295528,1.55352741141,17.1069924424,0.0699713235999,6.05229519078,0.0,2.87507709017,1.60680399731,4.62620789692,-0.0285664231033,-0.131239711811,0.0,469.3227257696165,468.1526573656422,468.54442684385344,467.9023583854326
2.640000000000002,2.38514120936,1.65111379717,17.3847607618,0.0681893800872,6.04547047917,0.0,3.01249772533,1.64587229302,4.6323883978,-0.0320659855385,-0.0917661339009,0.0,436.6216138506644,439.89023420293404,438.9849734471048,438.69415173133154
2.700000000000002,2.57063394592,1.75115411663,17.6650713131,0.0659688182366,6.03939811734,0.0,3.17093617257,1.68853169198,4.71063491296,-0.0493961162251,-0.137456267342,0.0,464.08437861527705,460.47381345760954,463.1291603802288,461.76322025016606
2.760000000000002,2.76474460629,1.85343595227,17.9460417697,0.0631631109598,6.03110760673,0.0,3.30001186668,1.72060114814,4.65495995842,-0.0419560473505,-0.139651481699,0.0,419.86308265078117,419.65361525590174,419.8392856730103,420.48298210780825
2.820000000000002,2.96765731453,1.95781803544,18.2272636949,0.0604190539046,6.02304231816,0.0,3.46431919127,1.75847671422,4.71839512716,-0.0546257735939,-0.12561394093,0.0,458.9379770042221,460.0348383863602,459.9729363931043,458.967128692053
2.880000000000002,3.18059210394,2.06441535598,18.5123518459,0.0580509406205,6.01520331698,0.0,3.63400984864,1.79443249987,4.78381591787,-0.019463839413,-0.143322841478,0.0,462.0332254615697,460.61946906765667,460.4621463091521,463.2348503117692
2.940000000000002,3.40376914359,2.17310643798,18.8010441687,0.0571907003058,6.00674718222,0.0,3.80579247097,1.82844265379,4.83850729141,-0.00567020959104,-0.136548711425,0.0,460.3780048663462,460.8960420573048,458.44394758507354,459.53893617022305
3.000000000000002,3.63732740405,2.28380378265,19.0927384142,0.0567382216832,5.99882760982,0.0,3.97998558625,1.8613702475,4.88391079563,-0.0115740869859,-0.124167592956,0.0,456.92257178567354,457.89316349293694,459.77236381189874,459.30440358714634
3.0600000000000023,3.88208006996,2.39658029787,19.3892111286,0.0568048377901,5.99110485995,0.0,4.17884483199,1.89773908696,4.99739787069,0.0187945882674,-0.139837508981,0.0,481.7946081790559,480.5942374145538,480.0556541765825,482.3549446714498
3.1200000000000023,4.13895469881,2.51154893289,19.6926027435,0.057816030906,5.98220552146,0.0,4.38412097779,1.93457397408,5.11440933006,0.0126567378663,-0.176403631744,0.0,485.5426391585646,482.7711913125533,485.3331427712102,484.87205478032723
3.1800000000000024,4.40762350983,2.6286123553,20.00073011,0.0590013354597,5.97173285957,0.0,4.57217770789,1.96756262787,5.15556658433,0.0311124392911,-0.171068248772,0.0,463.12259803954555,463.5141817973592,463.50553850211855,464.9539643890294
3.2400000000000024,4.68663473154,2.74747051114,20.307835545,0.0604253295308,5.96249213819,0.0,4.72880121993,1.99447802178,5.08104311968,0.00183242957239,-0.132396283171,0.0,425.546729694298,428.8202325421631,428.9702032468142,426.47605928302784
3.3000000000000025,4.97460348687,2.86785495292,20.6087836863,0.0604443141445,5.9543888758,0.0,4.87066223755,2.01832976451,4.95072440914,-0.00290273391841,-0.140977853784,0.0,408.91170509583753,408.1276422365674,407.9060484048714,407.4828505637665
3.3600000000000025,5.271295817,2.98968658911,20.9022582271,0.0598642111369,5.94618817092,0.0,5.01958652657,2.04268345424,4.83182759386,-0.0287795161715,-0.129237117394,0.0,410.9282188099105,411.94891126979695,413.50273995387045,411.21630957361856
3.4200000000000026,5.57810284783,3.11314623429,21.1916815612,0.0584833408014,5.93854572593,0.0,5.20767830945,2.07244972861,4.81509933963,-0.0134451891991,-0.123889995982,0.0,446.40815300786505,446.8296310654934,447.14209719784793,448.3897868925377
3.4800000000000026,5.89666388938,3.23842367122,21.4810993512,0.0576317732523,5.93123614934,0.0,5.41130472156,2.10332307948,4.83142774603,-0.0157315132515,-0.117992566451,0.0,458.98410210681715,459.4390974493643,459.38183448738505,459.20058263478916
3.5400000000000027,6.22712403668,3.36546609777,21.7703430161,0.0564877743627,5.92418768907,0.0,5.60430500574,2.13128315701,4.80952229754,-0.0267476326452,-0.116458468299,0.0,448.2759795650921,448.3884065055732,448.556972219533,447.6612958062813
3.6000000000000028,6.57012901831,3.49428992508,22.0605871084,0.0552434950945,5.91734471566,0.0,5.82934262691,2.16262842587,4.86429305644,-0.0108308738828,-0.109625055106,0.0,473.5827984297797,474.09750285366295,474.1858034593918,475.4072290151718
3.660000000000003,6.92531970391,3.62476491358,22.350433087,0.0543210091909,5.91084566243,0.0,6.01058910595,2.18644154498,4.79700121853,-0.0265108779727,-0.105825095269,0.0,435.35544161872224,435.66276272886995,437.2684694738842,435.9600104286298
3.720000000000003,7.29297263276,3.75685616929,22.6401201058,0.0524178794394,5.9041048218,0.0,6.24455392954,2.21635054059,4.85818108241,-0.0449726897839,-0.130416120613,0.0,480.18289832156876,478.30274200496535,479.5190138648382,478.1138354197743
3.780000000000003,7.67320770922,3.89049281496,22.9295815541,0.0491813539979,5.89654336133,0.0,6.43025031223,2.2379391379,4.79023537683,-0.0856747299366,-0.118443558075,0.0,438.22375703240607,439.2033208971813,440.5006367038119,437.11835739746806
3.840000000000003,8.06444925839,4.02533480498,23.2144414476,0.0444472022092,5.88928217583,0.0,6.61140800003,2.25638232693,4.70494952647,-0.0679758510587,-0.126740328727,0.0,434.0709102610646,433.36021777799175,432.229891387543,433.7140330609598
3.900000000000003,8.46794411838,4.16134463797,23.4973299294,0.0401630253149,5.88185249306,0.0,6.83854531137,2.27683207023,4.72379056464,-0.0793267271855,-0.118565830421,0.0,468.74730685422224,469.3692157120805,469.2524853786292,468.3666165630675
3.960000000000003,8.8857106962,4.29854627192,23.7826353733,0.0364301466127,5.87469927571,0.0,7.08699741342,2.29608172854,4.78522006543,-0.0405399700017,-0.120561101461,0.0,484.32791515315034,484.1662766797766,483.2168886850137,486.12971961170575
4.020000000000002,9.31613110704,4.43663627405,24.0662136006,0.0337310586787,5.86810918939,0.0,7.26058900431,2.30671775826,4.66740079317,-0.0558158527993,-0.0941923048195,0.0,425.76307764948814,428.0021795860388,427.2295722228349,425.9233823709746
4.080000000000001,9.75663574261,4.57529158832,24.3418916465,0.0304703664741,5.8623995141,0.0,7.42309450837,2.31489288555,4.5221341135,-0.0515552947145,-0.097171617274,0.0,416.3549970978402,416.08579442718593,416.7551971797862,417.12536395955715
4.14,10.208194975,4.71447597186,24.6117234961,0.0277209998247,5.85664552856,0.0,7.62887570705,2.32432204402,4.47186878725,-0.0363002843799,-0.0934719794633,0.0,449.7745180739209,450.06641494445074,449.09408286653195,450.3288228354783
4.199999999999998,10.6708904989,4.85410552739,24.8758127127,0.0252923031658,5.85119877904,0.0,7.79444938717,2.3298330391,4.33132165801,-0.0505156217052,-0.0858777660557,0.0,417.6453625466107,418.2999043662422,419.8026532616519,418.5659466928394
4.259999999999997,11.1450376748,4.99410894917,25.1347435397,0.0227905436627,5.84670625217,0.0,8.01028972863,2.33669399648,4.29924330483,-0.0282079488379,-0.058932016661,0.0,455.0289188351089,457.1769730001,455.9347170155142,457.71299628845117
4.319999999999996,11.6302619039,5.13439266709,25.3877484551,0.0209602433675,5.84278973046,0.0,8.16389972059,2.33931762014,4.13473202005,-0.0355470749738,-0.0826366146354,0.0,410.60095052657874,408.48805702606086,410.742045347352,410.09003888222236
4.379999999999995,12.1267511939,5.27489833442,25.6352759697,0.0196280238179,5.83758709671,0.0,8.38553445395,2.34404241868,4.11559280746,-0.00387750495474,-0.0964399584515,0.0,461.5756262452075,460.4786814399365,459.5653902386418,462.06934457002365
4.439999999999993,12.6347203626,5.41559291069,25.8778157856,0.0194553649807,5.83185605541,0.0,8.54687880229,2.34576252529,3.96926671974,-0.000949261713875,-0.0937345167913,0.0,417.8893101555838,418.11675165444626,416.28127896695753,416.537577935025
4.499999999999992,13.1536800791,5.55644028513,26.1142701382,0.0194477572284,5.82585213777,0.0,8.75166703508,2.34913503604,3.91212230726,0.00146952813125,-0.117368948688,0.0,449.72833235520403,447.8004637098876,449.0640227099444,449.260245167517
4.559999999999991,13.6853036719,5.69750411582,26.3479976132,0.0203613213669,5.81873470417,0.0,8.9690346026,2.35302518677,3.87808761652,0.0339482802609,-0.121257280141,0.0,457.2896446542527,456.9674804069638,457.71939744845156,460.29759195365017
4.6199999999999894,14.2296533202,5.83880670724,26.5789441526,0.0228030236255,5.81134379741,0.0,9.17591016548,2.35722983479,3.81953548307,0.0515914721912,-0.127334476259,0.0,451.43699066251,450.9326685607881,450.6187012288144,452.04390754148005
4.679999999999988,14.7863881733,5.98040026094,26.806217554,0.0258616504625,5.8034372644,0.0,9.38188968042,2.36278433618,3.75562323325,0.0497196489525,-0.142584741429,0.0,451.61176119862813,450.363742400938,450.7400482551633,450.59031800411566
4.739999999999987,15.3536555307,6.12228035354,27.0260346951,0.0283129101411,5.7946973067,0.0,9.52730378346,2.36672972502,3.57179840937,0.0099492597387,-0.152667413811,0.0,407.9377276181758,407.0139885103279,410.4074708613774,406.8618197996666
4.799999999999986,15.9333956098,6.26461852424,27.2417694097,0.028509300967,5.7858409691,0.0,9.79712677168,2.37786672288,3.61780566232,-0.015460475797,-0.139040570728,0.0,488.851074120214,489.8473355458933,490.5331439296948,488.6420483128379
4.859999999999984,16.528991375,6.40759826843,27.4594470206,0.0271706349133,5.77762165565,0.0,10.0557834058,2.38797837345,3.63679879416,-0.0417852684496,-0.133175574301,0.0,483.3830428334958,483.80922809348084,485.17623242649375,483.1950838363568
4.919999999999983,17.1373357287,6.55101467207,27.6731256073,0.0244211990571,5.76977628946,0.0,10.2224858721,2.39238295319,3.48584469573,-0.0554556526744,-0.126314382042,0.0,426.7570292130386,427.32602270821184,426.98143651833317,425.81177411723297
4.979999999999982,17.7555775669,6.69464895792,27.8775296467,0.0214399891743,5.7618944676,0.0,10.3856890361,2.39521242086,3.32771586634,-0.0401141861282,-0.144079408781,0.0,424.8662422905448,423.3227677637598,423.03431776706543,424.35202594096745
5.0399999999999805,18.3843820675,6.83844084609,28.0737495571,0.0189547632224,5.75365155567,0.0,10.5744691972,2.39766000374,3.21262265728,-0.0441692044398,-0.1265583302,0.0,439.46865178307115,440.901150168287,439.99253528552947,439.65564262780447
